/MAComponents/src/com/martinappl/components/ui/containers/HorizontalList.java,117
/MAComponents/src/com/martinappl/components/ui/containers/HorizontalListWithRemovableItems.java,35
/MAComponents/src/com/martinappl/components/ui/containers/contentbands/TileBase.java,0
/MAComponents/src/com/martinappl/components/ui/containers/contentbands/BasicContentBand.java,189
/MAComponents/src/com/martinappl/components/ui/containers/contentbands/EndlessContentBand.java,31
/MAComponents/src/com/martinappl/components/ui/containers/FeatureCoverFlow.java,200
/MAComponents/src/com/martinappl/components/ui/containers/EndlessLoopAdapterContainer.java,226
/MAComponents/src/com/martinappl/components/general/ToolBox.java,57
/MAComponents/src/com/martinappl/components/general/Validate.java,32
